4.178029298782349
4.1185784339904785
3.9392738342285156
3.9549617767333984
3.910318374633789
3.923182487487793
3.891511917114258
3.93776273727417
3.938309907913208
3.9382121562957764
3.9270970821380615
3.936479091644287
3.9716763496398926
3.8874547481536865
3.9195168018341064
3.9147703647613525
3.9543979167938232
3.9221112728118896
3.9544296264648438
3.923163414001465
3.9387717247009277
3.969417095184326
4.090111494064331
4.155587911605835
4.121928453445435
4.01844596862793
5.1206276416778564
4.050208568572998
4.000232696533203
4.501092195510864
4.861665725708008
4.2916929721832275
4.239467144012451
4.141290187835693
3.923168897628784
3.9377288818359375
4.051945924758911
3.969278335571289
3.9385297298431396
3.9069221019744873
3.9064862728118896
3.969778060913086
3.9235734939575195
3.9850375652313232
3.9388232231140137
4.3293280601501465
4.199297666549683
4.002694845199585
4.803390264511108
4.8510520458221436
3.9656147956848145
3.9381604194641113
3.968989133834839
3.9071595668792725
3.938704013824463
4.126131296157837
3.9704530239105225
3.9533531665802
3.9392738342285156
3.923738718032837
3.971092462539673
3.90647554397583
3.9398598670959473
3.921440839767456
3.906972646713257
4.188137531280518
4.943132638931274
4.529372215270996
3.9846105575561523
3.9231607913970947
3.9405312538146973
3.906902551651001
4.016306161880493
3.9220950603485107
3.938154935836792
4.031658411026001
4.048661708831787
4.0005176067352295
3.9689817428588867
4.032844066619873
3.922677755355835
3.906912326812744
3.9455018043518066
3.9304146766662598
3.9512531757354736
3.958670139312744
3.916518449783325
3.912189483642578
3.938567638397217
3.8929007053375244
3.9225971698760986
3.9077908992767334
3.9221043586730957
3.938206672668457
3.92311692237854
3.9850504398345947
3.938828945159912
3.9222328662872314
3.907744884490967
3.9376282691955566
3.9386048316955566
3.993725299835205
3.920598030090332
3.925537586212158
3.8924243450164795
3.9377455711364746
3.922097682952881
3.922837972640991
4.002002000808716
3.938568353652954
3.96943998336792
3.9064767360687256
3.938326120376587
3.942539930343628
3.9231553077697754
4.205435037612915
4.123481035232544
3.9091153144836426
3.938365936279297
3.969618797302246
3.9702394008636475
3.925056219100952
3.9608607292175293
3.973649501800537
3.9069273471832275
3.908635139465332
3.9226410388946533
3.9226198196411133
3.9069161415100098
3.922564744949341
3.925187349319458
3.906934976577759
3.938582181930542
3.9220383167266846
3.953371047973633
3.9377260208129883
3.907099962234497
3.9850385189056396
3.9069058895111084
3.907594919204712
3.9689815044403076
3.92252779006958
3.9153873920440674
4.0187788009643555
3.9871673583984375
3.935926675796509
3.982069492340088
3.9690911769866943
3.9072840213775635
3.9377734661102295
3.9036636352539062
3.9225385189056396
3.9533777236938477
3.9069201946258545
3.9376437664031982
3.9538004398345947
3.938819169998169
3.954171657562256
3.907290458679199
3.9220988750457764
3.9695403575897217
3.923253059387207
3.906895875930786
3.906481981277466
3.9076826572418213
3.9223031997680664
3.907273054122925
3.8912739753723145
3.9377262592315674
3.9394352436065674
3.9225504398345947
3.9227237701416016
3.9527227878570557
3.938218593597412
3.904703378677368
3.93891978263855
3.9381306171417236
4.032595634460449
3.920799970626831
3.939627170562744
3.9696359634399414
3.907038688659668
3.9533560276031494
3.9451487064361572
4.0352373123168945
3.9246435165405273
3.928400993347168
3.9848592281341553
3.938554286956787
3.9069395065307617
3.922516107559204
3.9226598739624023
4.051427364349365
4.0977864265441895
3.9486589431762695
4.004695653915405
3.95379376411438
3.9846017360687256
3.9541916847229004
3.953763246536255
3.9229156970977783
3.9538002014160156
3.922253370285034
3.9231679439544678
3.9537723064422607
3.939089775085449
3.9176840782165527
3.974155902862549
3.938544273376465
3.9220972061157227
3.9537851810455322
3.906475782394409
3.9535934925079346
3.9537761211395264
3.907291889190674
4.025815010070801
4.28178334236145
4.375254392623901
4.124516725540161
4.106465578079224
4.270991802215576
4.047410488128662
4.001314640045166
4.01553750038147
4.030893325805664
3.9841599464416504
3.954003095626831
3.954932451248169
4.04711651802063
3.9698753356933594
3.986750364303589
4.56322979927063
4.0199198722839355
4.126181364059448
3.9771924018859863
3.9759762287139893
3.9522581100463867
4.0519750118255615
4.0164806842803955
3.969536066055298
4.001678705215454
3.9700679779052734
3.986191987991333
4.000236749649048
4.000587701797485
3.9694762229919434
3.985060930252075
4.032021522521973
3.968979597091675
3.9711508750915527
4.078852653503418
4.094212293624878
4.001662969589233
4.018258810043335
4.008132696151733
3.9749486446380615
3.945937156677246
3.969754219055176
3.9862842559814453
4.000229120254517
3.9706692695617676
4.000667333602905
4.0006983280181885
4.001614809036255
4.013987302780151
4.016938924789429
4.172577857971191
4.11272931098938
4.002018690109253
4.000230550765991
4.016495227813721
3.9696273803710938
3.9694721698760986
4.003972768783569
3.969127655029297
4.0006797313690186
4.000719785690308
4.0010316371917725
3.989301919937134
3.9689838886260986
3.9541893005371094
3.9543685913085938
3.969916820526123
3.953824758529663
3.9381155967712402
3.9697048664093018
4.0010411739349365
3.953768730163574
4.016486883163452
3.9846079349517822
3.9554216861724854
4.016505479812622
3.9708638191223145
4.006343364715576
3.945044755935669
3.9960834980010986
4.0166144371032715
4.031946659088135
3.956317186355591
4.062851190567017
4.032322645187378
3.9541101455688477
3.969498634338379
3.9850850105285645
4.019836902618408
4.095659971237183
3.9550249576568604
4.000664949417114
3.9936177730560303
3.9770350456237793
3.9537763595581055
3.9697017669677734
4.016365051269531
3.970043420791626
3.9533631801605225
3.987086534500122
4.000900030136108
3.97111439704895
3.985602855682373
3.953355550765991
3.969658136367798
3.9707770347595215
4.0005128383636475
3.954432725906372
4.000318288803101
4.000651121139526
3.985051155090332
4.049514532089233
4.049121141433716
3.951326847076416
3.9584901332855225
3.9541523456573486
3.953481674194336
3.9695212841033936
3.968979835510254
3.9546499252319336
4.016040802001953
3.9620299339294434
4.01747465133667
3.984605073928833
3.969496965408325
3.9473700523376465
3.9761362075805664
4.065476894378662
3.9821832180023193
3.9845430850982666
3.986266613006592
3.985435962677002
4.016307353973389
3.9689807891845703
3.9555470943450928
4.001335382461548
3.985495090484619
3.97003436088562
3.9535982608795166
3.9544014930725098
4.000646114349365
4.032265901565552
3.994035005569458
3.956937313079834
