4.493981838226318
4.559765815734863
4.538463354110718
4.502989292144775
4.307859659194946
4.233401775360107
4.288846969604492
4.364897727966309
4.697118759155273
4.4919819831848145
4.528006553649902
4.465965747833252
4.637903690338135
4.347886562347412
4.414928913116455
4.426937580108643
4.353889226913452
4.278839349746704
4.259829044342041
4.299045562744141
4.301853656768799
4.27283501625061
4.244818210601807
4.299852132797241
4.31886887550354
4.262828826904297
4.285878419876099
4.291849374771118
4.280890464782715
4.265830755233765
4.324872016906738
4.2848451137542725
4.243817329406738
4.26005220413208
4.268831968307495
4.3008551597595215
4.252823352813721
4.291849851608276
4.258827447891235
4.297847032546997
4.303309440612793
4.302857160568237
4.279842376708984
4.270833253860474
4.30385684967041
4.278840780258179
4.262830018997192
4.2770185470581055
4.265830755233765
4.270836114883423
4.28384256362915
4.268833160400391
4.278841018676758
4.2748377323150635
4.286596059799194
4.265830039978027
4.270836591720581
4.282843828201294
4.293850898742676
4.261833906173706
4.28114914894104
4.275691032409668
4.260830402374268
4.244816780090332
4.2728352546691895
4.2708351612091064
4.243818759918213
4.251821994781494
4.225146770477295
4.4509546756744385
4.379906892776489
4.2498204708099365
4.291850328445435
4.281841039657593
4.271834373474121
4.478433847427368
4.27283501625061
4.260821580886841
4.249822616577148
4.2968525886535645
4.383910179138184
4.375903844833374
4.311218738555908
4.356890439987183
4.312860727310181
4.421935081481934
4.275835990905762
4.302856206893921
4.221629858016968
4.293230056762695
4.291848659515381
4.2568254470825195
4.3809099197387695
4.28784704208374
4.23781418800354
4.249015808105469
4.277865886688232
4.279842376708984
4.2508227825164795
4.2468180656433105
4.30685830116272
4.262829542160034
4.215301752090454
4.3610999584198
4.3428850173950195
4.258826494216919
4.2898478507995605
4.276839017868042
4.266832113265991
4.335881471633911
4.2918479442596436
4.254825592041016
4.284844398498535
4.283842086791992
4.2348105907440186
4.244817018508911
4.452624797821045
4.247819185256958
4.276837587356567
4.256826162338257
4.313861846923828
4.237812757492065
4.2848427295684814
4.241947650909424
4.311861991882324
4.267832040786743
4.300854206085205
4.278838634490967
4.299853563308716
4.262829303741455
4.299316644668579
4.301856994628906
4.246819257736206
4.274837970733643
4.240814447402954
4.3038506507873535
4.294848918914795
4.399505376815796
4.307857990264893
4.306859016418457
4.301854372024536
4.2748353481292725
4.2588276863098145
4.295851230621338
4.264987468719482
4.271833896636963
4.29384970664978
4.275837182998657
4.2858452796936035
4.482975244522095
4.3979198932647705
4.273746967315674
4.30185604095459
4.297851324081421
4.266831398010254
4.388912677764893
4.268832206726074
4.331876516342163
4.314171075820923
4.289849042892456
4.308859825134277
4.254824638366699
4.272837400436401
4.244818210601807
4.294851303100586
4.2852232456207275
4.277838945388794
4.496985673904419
4.472970485687256
4.323870897293091
4.361893653869629
4.318867444992065
4.2979981899261475
4.335876703262329
4.416933298110962
4.73630952835083
4.746149778366089
4.399919271469116
4.499705791473389
4.603409051895142
4.408926963806152
4.379906177520752
4.28884744644165
4.344884157180786
4.538013458251953
4.301185846328735
4.326873302459717
4.27783989906311
4.263828754425049
4.313863515853882
4.308858871459961
4.254822492599487
4.242143630981445
4.266833543777466
4.245816946029663
4.400922775268555
4.271835088729858
4.254822492599487
4.267834424972534
4.248522758483887
4.324871301651001
4.257824659347534
4.262828350067139
4.267833232879639
4.291849136352539
4.274839639663696
4.232249736785889
4.2848429679870605
4.272825717926025
4.287847995758057
4.296850919723511
4.265833854675293
4.2598278522491455
4.3258020877838135
4.426937103271484
4.5490193367004395
4.278840780258179
4.2778401374816895
4.283843040466309
4.263829231262207
4.262293577194214
4.263882875442505
4.269833564758301
4.2538251876831055
4.264832258224487
4.234808921813965
4.270834922790527
4.244124174118042
4.2655417919158936
4.412930250167847
4.660094499588013
4.384911298751831
4.427939414978027
4.348886489868164
4.374402046203613
4.642081022262573
4.52200174331665
4.37990665435791
4.35692572593689
4.342880725860596
4.395918846130371
4.627415180206299
4.323332786560059
4.321867942810059
4.452956438064575
4.440946817398071
5.052143573760986
4.630574464797974
4.508939027786255
4.586244583129883
4.581043481826782
4.724135875701904
5.22546911239624
5.3375420570373535
5.055356025695801
5.269497632980347
4.666101932525635
4.693110942840576
4.517000675201416
4.748152494430542
4.660094261169434
4.724135637283325
4.78117299079895
4.534010648727417
4.527005195617676
4.430941343307495
4.459720849990845
4.556026458740234
4.543009281158447
4.376906871795654
4.66609787940979
4.505991458892822
4.714129686355591
4.524003744125366
4.520000219345093
4.402682304382324
4.451955556869507
4.638078689575195
4.9282732009887695
4.655623197555542
4.755155086517334
4.616064071655273
4.60705828666687
4.582040548324585
4.654088735580444
4.840212821960449
4.7311413288116455
4.547018527984619
4.609059572219849
4.464964389801025
4.743149518966675
4.5990540981292725
5.399536848068237
4.89424204826355
4.713128089904785
4.898247957229614
4.695117712020874
4.688112735748291
4.848217725753784
4.784176826477051
