5.003000020980835;


4.781000137329102;


4.805999994277954;


4.815999984741211;


4.8409998416900635;


4.802999973297119;


4.827999830245972;


4.814000129699707;


4.835000038146973;


4.789999961853027;


4.843999862670898;


4.807999849319458;


4.830000162124634;


4.829999923706055;


4.786999940872192;



5.058000087738037;
4.8500001430511475;


4.831000089645386;


4.8460001945495605;


4.870000123977661;


4.817000150680542;


4.849999904632568;


4.854999780654907;


4.854000091552734;


4.841000080108643;


4.854000091552734;


4.828999996185303;


4.858000040054321;


4.873000144958496;


4.841000080108643;



5.070000171661377;


4.858999967575073;


4.889999866485596;


4.82699990272522;


4.859000205993652;


4.835999965667725;


4.838000059127808;


4.83899998664856;


4.860999822616577;


4.8460001945495605;


4.861000061035156;


4.863000154495239;


4.858000040054321;


4.878999948501587;


4.83899998664856;



5.124000072479248;


4.861000061035156;


4.881999969482422;


4.872999906539917;


4.891000032424927;


4.876000165939331;


4.921999931335449;


4.949000120162964;


4.888000011444092;


4.985000133514404;


5.016000032424927;


4.922999858856201;


4.9059998989105225;


4.915999889373779;


4.875;




5.328999996185303;


5.138000011444092;


5.510999917984009;


5.471999883651733;


4.879999876022339;


4.877000093460083;


4.832000017166138;


4.884999990463257;


4.833999872207642;


4.877000093460083;


4.833999872207642;


4.86899995803833;


4.889999866485596;


4.862000226974487;


4.865000009536743;



5.115999937057495;


4.871000051498413;


4.83899998664856;


4.886999845504761;


4.8429999351501465;


4.86899995803833;


4.851999998092651;


4.861000061035156;


4.858999967575073;


4.8320000171;


4.871000051498413;


4.869999885559082;


4.851999998092651;


4.863999843597412;


4.843999862670898;



5.111000061035156;


4.8420000076293945;


4.871999979019165;


4.854000091552734;


4.878999948501587;


4.84499979019165;


4.884000062942505;


4.877999782562256;


4.855000019073486;


4.884999990463257;


4.852999925613403;


4.875;


4.8429999351501465;


4.884999990463257;


4.879999876022339;



5.124000072479248;


4.8420000076293945;


4.888999938964844;


4.894000053405762;


4.851999998092651;


4.855999946594238;


4.8450000286102295;


4.868000030517578;


4.847999811172485;


4.878000020980835;


4.868000030517578;


4.8500001430511475;


4.865999937057495;


4.859999895095825;


4.91700005531311;



5.080999851226807;


4.876000165939331;


4.840000152587891;


4.891999959945679;


4.880999803543091;


4.846999883651733;


4.865000009536743;


4.9720001220703125;


4.874000072479248;


4.848999977111816;


5.023999929428101;


4.870000123977661;


4.841000080108643;
4.878999948501587;


4.9049999713897705;



5.105999946594238;


4.855999946594238;


4.865000009536743;


4.9059998989105225;


4.8500001430511475;


4.894000053405762;


4.848999977111816;


4.9730000495910645;


4.846999883651733;


4.875;


4.877000093460083;


4.852999925613403;


4.881999969482422;


5.20799994468689;


5.031000137329102;



5.2790000438690186;


4.865999937057495;


5.013000011444092;


5.764999866485596;


4.877000093460083;


4.858000040054321;


4.888999938964844;


4.903000116348267;


4.851999998092651;


4.889999866485596;


4.858999967575073;


4.886000156402588;


4.852999925613403;


4.895999908447266;


4.9079999923706055;



5.108000040054321;


4.879999876022339;


4.835999965667725;


4.896000146865845;


4.8500001430511475;


4.890999794006348;


4.857000112533569;


4.878000020980835;


4.918999910354614;


4.858000040054321;


4.897000074386597;


4.832000017166138;


4.789000034332275;


5.043999910354614;


4.86299991607666;



5.140000104904175;


4.884999990463257;


4.892000198364258;


4.864000082015991;


4.898999929428101;


4.86299991607666;


5.039000034332275;


5.198999881744385;


4.871000051498413;


5.312000036239624;


5.203999996185303;


5.0899999141693115;


5.597999811172485;


5.068000078201294;


4.8440001010894775;



5.125;


4.864000082015991;


4.900000095367432;


4.871000051498413;


4.889000177383423;


4.89300012588501;


4.868000030517578;


4.8999998569488525;


4.855000019073486;


4.898999929428101;


4.898999929428101;


4.865999937057495;


5.059999942779541;


4.878000020980835;


4.9049999713897705;



5.0849997997283936;


4.886000156402588;


4.95199990272522;


4.859000205993652;


4.885999917984009;


4.921999931335449;


4.888000011444092;


4.889999866485596;


4.894999980926514;


4.917999982833862;


4.898000001907349;


4.953000068664551;


4.9649999141693115;


4.886000156402588;


4.9670000076293945;



5.099999904632568;


5.005999803543091;


4.872999906539917;


5.147000074386597;


4.9040000438690186;


4.880000114440918;


5.187000036239624;


4.9019999504089355;


4.873000144958496;


4.926000118255615;


4.909999847412109;


4.86299991607666;


4.903000116348267;


4.865999937057495;


5.177000045776367;



5.447000026702881;


5.142999887466431;


5.253000020980835;


5.16100001335144;


5.172999858856201;


5.24399995803833;


4.898000001907349;


4.924999952316284;


5.110000133514404;


4.88100004196167;


4.91100001335144;


4.932999849319458;


4.888999938964844;


4.913000106811523;


4.874000072479248;



5.126999855041504;


4.884000062942505;
4.883000135421753;


4.866999864578247;


4.9079999923706055;


4.898000001907349;


4.857000112533569;


4.911999940872192;


5.0899999141693115;


4.878999948501587;


4.9029998779296875;


4.855999946594238;


4.900000095367432;


4.874000072479248;


4.9730000495910645;



5.166000127792358;


4.9009997844696045;


4.901000022888184;


4.873999834060669;


4.90500020980835;


4.888000011444092;


4.927000045776367;


4.894999980926514;


4.878999948501587;


4.978999853134155;


4.882999897003174;


5.041999816894531;


4.953000068664551;


4.986999988555908;


4.9100000858306885;



5.0950000286102295;


4.9049999713897705;


4.902000188827515;


4.878000020980835;


4.944999933242798;


4.85699987411499;


4.917999982833862;


4.916999816894531;


4.875999927520752;


4.908999919891357;


4.880000114440918;


4.9150002002716064;


5.1539998054504395;


5.208999872207642;


4.879999876022339;



5.312000036239624;


4.86899995803833;


5.41100001335144;


5.0940001010894775;


5.269999980926514;


4.884999990463257;


4.921999931335449;


4.952000141143799;


4.88700008392334;


4.921999931335449;


4.884000062942505;


4.924999952316284;


4.901000022888184;


4.8999998569488525;


4.914999961853027;



5.177000045776367;


4.913000106811523;


4.897000074386597;


4.927999973297119;


4.93500018119812;


4.891000032424927;


5.400000095367432;


4.944000005722046;


4.877000093460083;


4.937000036239624;


4.933000087738037;


4.939000129699707;


4.93500018119812;


4.940000057220459;


4.884000062942505;



5.115000009536743;


4.924000024795532;


4.917999982833862;


4.919000148773193;


4.927000045776367;


4.9150002002716064;


4.9029998779296875;


4.934000015258789;


4.88100004196167;


4.94599986076355;


4.921999931335449;


4.9029998779296875;


4.898000001907349;


4.9040000438690186;


4.933000087738037;



5.118000030517578;


4.924000024795532;


4.9090001583099365;


4.891000032424927;


5.099999904632568;


4.870000123977661;


4.997999906539917;


5.186000108718872;


5.266999959945679;


5.30400013923645;


5.395999908447266;


4.9019999504089355;


4.930000066757202;


4.936000108718872;


4.891000032424927;



5.13100004196167;


4.921000003814697;
4.916000127792358;


4.9059998989105225;


5.052000045776367;


4.924000024795532;


4.962000131607056;


5.004000186920166;


5.083999872207642;
5.2789998054504395;


4.871999979019165;


5.082000017166138;


4.891000032424927;


4.952000141143799;



5.304999828338623;


5.119000196456909;


5.138000011444092;


5.177000045776367;


4.935999870300293;


4.953999996185303;


4.9100000858306885;


5.136000156402588;


4.9059998989105225;


5.001999855041504;


4.91700005531311;


4.9040000438690186;


4.965000152587891;


5.002000093460083;


4.930999994277954;


4.937000036239624;



5.549000024795532;


4.908999919891357;


4.892999887466431;


5.433000087738037;


4.918999910354614;


4.92900013923645;


5.302999973297119;


4.9120001792907715;


5.033999919891357;


4.9100000858306885;


5.021000146865845
;

4.909999847412109;


5.0;


4.927999973297119;


.924999952316284;



5.151000022888184;


4.984999895095825;


4.952999830245972;


5.0279998779296875;


4.993000030517578;


4.920000076293945;


5.8459999561309814;


5.148000001907349;


5.052999973297119;


5.585999965667725;


5.01800012588501;


5.398999929428101;


5.5340001583099365;


5.5920000076293945;


5.194000005722046;



5.187000036239624;


5.403000116348267;


5.305999994277954;


5.422000169754028;


5.50600004196167;


5.158999919891357;


5.559000015258789;


5.055999994277954;


5.259000062942505;


5.670000076293945;


5.411999940872192;


5.580999851226807;


5.240999937057495;


5.078000068664551;


5.319000005722046;



5.315999984741211;


4.877000093460083;


5.450999975204468;


5.355000019073486;


4.9670000076293945;


4.997999906539917;


4.92300009727478;


4.921000003814697;


5.943000078201294;


5.401000022888184;


5.1579999923706055;


5.253999948501587;


4.888000011444092;


5.289999961853027;


5.491999864578247;

