5.250999927520752;

4.938999891281128;

5.0329999923706055;

5.016999959945679;

5.330000162124634;

5.235999822616577;

5.17300009727478;

4.930000066757202;

4.914999961853027;

5.126999855041504;

5.270000219345093;

4.921000003814697;

4.922999858856201;

4.954999923706055;

4.9079999923706055;

5.0970001220703125;

4.877000093460083;

4.9079999923706055;

4.9079999923706055;

4.924000024795532;

4.924000024795532;

4.971999883651733;

5.019000053405762;

4.986999988555908;

4.891000032424927;

4.938999891281128;

4.89300012588501;

4.92300009727478;

4.924000024795532;

4.9079999923706055;

5.078999996185303;

4.882999897003174;

4.891999959945679;

4.876000165939331;

4.93999981880188;

4.968000173568726;

4.888000011444092;

4.939000129699707;

4.9079999923706055;

4.79800009727478;

4.9079999923706055;

4.9079999923706055;

4.95799994468689;

4.9079999923706055;

4.9079999923706055;

5.206000089645386;

4.891999959945679;

4.9070000648498535;

4.894000053405762;

4.940999984741211;

4.9079999923706055;

4.922999858856201;

4.939000129699707;

4.9070000648498535;

4.922000169754028;

4.892999887466431;

4.92300009727478;

4.929999828338623;

4.9079999923706055;

4.9700000286102295;

5.064000129699707;

4.891999959945679;

4.877000093460083;

4.9070000648498535;

4.927999973297119;

4.922999858856201;

4.9070000648498535;

4.891000032424927;

4.906999826431274;

4.924000024795532;

4.891999959945679;

4.924000024795532;

4.924000024795532;

4.906999826431274;

4.939000129699707;

5.110000133514404;

5.126000165939331;

4.891999959945679;

4.9059998989105225;

4.954999923706055;

4.9070000648498535;

4.940000057220459;

4.914999961853027;

4.939000129699707;

4.938999891281128;

4.9070000648498535;

4.938999891281128;

4.939000129699707;

4.9079999923706055;

4.953000068664551;

5.0980000495910645;

4.891999959945679;

4.894000053405762;

4.9049999713897705;

5.002000093460083;

4.891999959945679;

4.938999891281128;

4.9079999923706055;

5.016999959945679;

5.016999959945679;

4.9100000858306885;

4.953999996185303;

4.939000129699707;

4.906999826431274;

5.2850000858306885;

5.078999996185303;

5.071000099182129;

5.1579999923706055;

5.09499979019165;

5.0960001945495605;

5.016999959945679;

5.0329999923706055;

4.9079999923706055;

4.9070000648498535;

4.924999952316284;

4.9079999923706055;

4.92300009727478;

4.892999887466431;

4.920000076293945;

4.924999952316284;

5.079999923706055;

4.891999959945679;

4.892000198364258;

4.92300009727478;

4.9070000648498535;

4.940000057220459;

4.922999858856201;

4.894000053405762;

4.919000148773193;

4.895999908447266;

4.938999891281128;

4.922000169754028;

4.912999868392944;

4.924999952316284;

4.930000066757202;

5.065999984741211;

4.876000165939331;

4.939000129699707;

4.921999931335449;

4.922999858856201;

4.9090001583099365;

4.924000024795532;

4.9079999923706055;

4.937999963760376;

4.922999858856201;

4.925000190734863;

4.938999891281128;

4.9070000648498535;

4.93999981880188;

4.908000230789185;

5.079999923706055;

4.875999927520752;

4.891999959945679;

4.875999927520752;

4.92300009727478;

4.942000150680542;

4.9040000438690186;

4.938999891281128;

4.92300009727478;

4.906999826431274;

4.92300009727478;

4.9079999923706055;

4.924000024795532;

4.938000202178955;

4.892000198364258;

5.049999952316284;

4.875;

4.9070000648498535;

4.924000024795532;

4.924000024795532;

5.016999959945679;

5.0960001945495605;

5.060999870300293;

4.832000017166138;

5.0320000648498535;

5.002000093460083;

4.861000061035156;

4.9700000286102295;

4.986000061035156;

5.174000024795532;

5.144999980926514;

4.917999982833862;

5.131999969482422;

5.174000024795532;

5.29800009727478;

5.204999923706055;

4.937999963760376;

5.17300009727478;

4.98799991607666;

5.271999835968018;

5.238000154495239;

5.32099986076355;

5.263999938964844;

5.658999919891357;

5.093000173568726;

7.446000099182129;

5.680999994277954;

5.248999834060669;

5.386999845504761;

5.388999938964844;

5.240000009536743;

5.431999921798706;

5.084000110626221;

5.578999996185303;

5.441999912261963;

5.21399998664856;

5.454999923706055;

5.296000003814697;

5.281000137329102;

5.174000024795532;

5.351000070571899;

5.236000061035156;

5.180000066757202;

5.296000003814697;

5.059999942779541;

5.031000137329102;

5.141000032424927;

5.075000047683716;

4.982000112533569;

5.087000131607056;

4.972999811172485;

4.922000169754028;

4.939000129699707;

4.9700000286102295;

4.922999858856201;

5.079000234603882;

4.876000165939331;

4.914999961853027;

4.906999826431274;

4.922000169754028;

4.940999984741211;

4.9070000648498535;

4.940999984741211;

4.93999981880188;

4.9079999923706055;

4.92300009727478;

4.922999858856201;

4.939000129699707;

4.971999883651733;

4.920000076293945;

5.08299994468689;

4.865000009536743;

4.892999887466431;

4.9079999923706055;

4.922000169754028;

4.939000129699707;

5.009000062942505;

5.328999996185303;

5.525000095367432;

5.380000114440918;

5.523999929428101;

5.734999895095825;

5.176000118255615;

5.440000057220459;

5.210999965667725;

5.437000036239624;

5.443000078201294;

5.361999988555908;

5.519000053405762;

6.13100004196167;

5.54800009727478;

5.21399998664856;

5.222999811172485;

5.520999908447266;

5.509000062942505;

5.065000057220459;

5.230000019073486;

5.36899995803833;

5.959000110626221;

5.466000080108643;

5.884999990463257;

5.629999876022339;

5.444000005722046;

5.240999937057495;

5.4059998989105225;

5.052999973297119;

4.898999929428101;

4.986000061035156;

4.940000057220459;

4.891999959945679;

4.938999891281128;

4.9070000648498535;

4.941999912261963;

4.939000129699707;

4.9079999923706055;

5.067999839782715;

4.891000032424927;

5.299999952316284;

4.9059998989105225;

4.894999980926514;

4.918999910354614;

4.901000022888184;

4.930000066757202;

4.930999994277954;

4.909999847412109;

4.92300009727478;

4.934999942779541;

4.921999931335449;

4.950999975204468;

4.927999973297119;

5.075000047683716;

4.872999906539917;

5.034999847412109;

5.269000053405762;

5.075000047683716;

5.06499981880188;

5.391999959945679;

6.135999917984009;

5.009000062942505;

5.25;

5.019999980926514;

5.072999954223633;

5.118000030517578;

5.0950000286102295;

5.177000045776367;

5.21399998664856;

5.055000066757202;

4.947999954223633;

4.996000051498413;

5.079999923706055;

5.16700005531311;

5.171999931335449;

5.077000141143799;

5.093000173568726;

5.081000089645386;

5.444999933242798;

5.243000030517578;

5.264999866485596;

5.096999883651733;

5.233999967575073;

5.800999879837036;

5.36899995803833;

5.644999980926514;

5.187000036239624;

5.111000061035156;

5.249000072479248;

5.011000156402588;

5.2799999713897705;

5.167999982833862;

5.256999969482422;

5.0329999923706055;

5.233999967575073;

5.044999837875366;

5.29200005531311;

5.5299999713897705;

5.4059998989105225;

5.388000011444092;

5.213000059127808;

5.062999963760376;

5.1559998989105225;

5.04800009727478;

5.265000104904175;

5.34499979019165;

5.085999965667725;

5.200999975204468;

5.513000011444092;

5.671000003814697;

5.314000129699707;

5.634000062942505;

5.379000186920166;

5.503000020980835;

5.4059998989105225;

5.062000036239624;

5.263000011444092;

5.115999937057495;

5.663000106811523;

5.309999942779541;

5.3450000286102295;

5.071000099182129;

5.066999912261963;

5.065000057220459;

5.0299999713897705;

5.055000066757202;

5.053999900817871;

5.043000221252441;

5.136999845504761;

4.9100000858306885;

5.365999937057495;

5.087000131607056;

5.1549999713897705;

5.0959999561309814;

5.134999990463257;

5.0980000495910645;

5.022000074386597;

4.961999893188477;

5.330999851226807;

5.156999826431274;

5.120000123977661;

4.93500018119812;

5.1559998989105225;

5.2809998989105225;

4.999000072479248;

5.055999994277954;

5.047000169754028;

5.022000074386597;

5.21399998664856;

5.0980000495910645;

5.169999837875366;

5.180999994277954;

5.180000066757202;

5.417999982833862;

5.181999921798706;

5.283999919891357;

5.525000095367432;

5.2829999923706055;

5.710000038146973;

5.4690001010894775;

5.200000047683716;

5.6000001430511475;

5.049999952316284;

4.944999933242798;

5.128999948501587;

5.240999937057495;

5.332000017166138;

5.058000087738037;

4.986999988555908;

5.000999927520752;

5.559999942779541;

5.43500018119812;

5.059999942779541;

5.58899998664856;

5.300999879837036;

5.039000034332275;

5.41700005531311;

4.950000047683716;

4.96399998664856;

5.078000068664551;

5.230000019073486;

5.236999988555908;

5.4690001010894775;

5.490999937057495;

5.259999990463257;

5.281999826431274;

5.245000123977661;

5.3470001220703125;

5.2159998416900635;

4.851999998092651;

4.979000091552734;

5.125;

5.105000019073486;

5.1000001430511475;

5.288000106811523;

5.141999959945679;

5.084000110626221;

5.284999847412109;

5.141999959945679;

5.014999866485596;

5.272000074386597;

5.11899995803833;

5.319999933242798;

